Matchups
1 2 1
3 4 1
5 6 1
5 4 2
1 6 2
2 3 2
3 1 3
2 5 3 
6 4 3
2 6 4
4 1 4
3 5 4
1 5 5
6 3 5
4 2 5
3 2 6
4 5 6
1 6 6
5 6 7
1 2 7
3 4 7
1 4 8
5 3 8
6 2 8 
6 3 9
2 4 9
5 1 9
2 5 10
3 1 10
4 6 10
4 3 11
6 5 11
2 1 11
6 1 12
3 2 12
4 5 12
5 2 13
4 6 13
1 3 13
1 4 14
5 3 14
6 2 14
3 6 15
2 4 15
5 1 15
5 4 16
6 1 16
2 3 16
2 1 17
4 3 17
6 5 17
3 5 18
2 6 18
4 1 18
4 2 19
1 5 19
3 6 19
1 3 20
6 4 20
5 2 20
5 6 21
1 2 21
3 4 21
2 3 22
5 4 22
1 6 22
6 4 23
3 1 23
2 5 23
3 5 24
2 6 24
4 1 24
4 2 25
1 5 25
6 3 25
1 6 26
3 2 26
4 5 26
3 4 27
5 6 27
1 2 27
6 2 28
1 4 28
5 3 28
5 1 29
6 3 29
2 4 29
4 6 30
2 5 30
3 1 30